{"nbformat":4,"nbformat_minor":0,"metadata":{"colab":{"provenance":[],"authorship_tag":"ABX9TyPHEvSr2su/8pQCHa8PfEVL"},"kernelspec":{"name":"python3","display_name":"Python 3"},"language_info":{"name":"python"}},"cells":[{"cell_type":"code","execution_count":2,"metadata":{"id":"ugDmhLw7ERGm","executionInfo":{"status":"ok","timestamp":1738104831086,"user_tz":300,"elapsed":1908,"user":{"displayName":"Rishabh Saxena","userId":"01657484899872312362"}}},"outputs":[],"source":["!#/usr/bin/env python\n","import numpy as np\n","import pandas as pd\n","import matplotlib.pyplot as plt"]},{"cell_type":"code","source":["e = np.array([[5],[5],[3]])\n","def solve(x):\n","  print ( \"\\n vector = \\n\", x, \" \\n norm 1 = \", np.linalg.norm(x,ord=1), \"\\n norm 2 = \", np.linalg.norm(x,ord=2), \"\\n norm inf = \", np.linalg.norm(x,ord=np.inf))\n","solve(e)"],"metadata":{"id":"c8Z4zij9EtuW","colab":{"base_uri":"https://localhost:8080/"},"executionInfo":{"status":"ok","timestamp":1738104831087,"user_tz":300,"elapsed":9,"user":{"displayName":"Rishabh Saxena","userId":"01657484899872312362"}},"outputId":"cf007a3e-a1d7-4007-d93d-c05b3fe5b6c9"},"execution_count":3,"outputs":[{"output_type":"stream","name":"stdout","text":["\n"," vector = \n"," [[5]\n"," [5]\n"," [3]]  \n"," norm 1 =  13.0 \n"," norm 2 =  7.681145747868608 \n"," norm inf =  5.0\n"]}]},{"cell_type":"markdown","source":["#Q5"],"metadata":{"id":"BeOeSDw85az-"}},{"cell_type":"code","source":["A = np.array([[7,2],[1,3]])\n","B = np.array([[1,2],[0,5]])\n","C = np.array([[5, -2, 1], [0,3,4],[2,1,0]])\n","def inverse(x):\n","  print (\"The inverse of \\n\", x, \"is \\n\", np.linalg.inv(x))\n","  return np.linalg.inv(x)\n","inverse(A)\n","inverse(B)\n","inverse(C)"],"metadata":{"colab":{"base_uri":"https://localhost:8080/"},"id":"HAvd7R8J5cxd","executionInfo":{"status":"ok","timestamp":1738104831087,"user_tz":300,"elapsed":7,"user":{"displayName":"Rishabh Saxena","userId":"01657484899872312362"}},"outputId":"6f145396-9754-47ac-d1c9-4a36d160cef2"},"execution_count":4,"outputs":[{"output_type":"stream","name":"stdout","text":["The inverse of \n"," [[7 2]\n"," [1 3]] is \n"," [[ 0.15789474 -0.10526316]\n"," [-0.05263158  0.36842105]]\n","The inverse of \n"," [[1 2]\n"," [0 5]] is \n"," [[ 1.  -0.4]\n"," [ 0.   0.2]]\n","The inverse of \n"," [[ 5 -2  1]\n"," [ 0  3  4]\n"," [ 2  1  0]] is \n"," [[ 0.0952381  -0.02380952  0.26190476]\n"," [-0.19047619  0.04761905  0.47619048]\n"," [ 0.14285714  0.21428571 -0.35714286]]\n"]},{"output_type":"execute_result","data":{"text/plain":["array([[ 0.0952381 , -0.02380952,  0.26190476],\n","       [-0.19047619,  0.04761905,  0.47619048],\n","       [ 0.14285714,  0.21428571, -0.35714286]])"]},"metadata":{},"execution_count":4}]},{"cell_type":"markdown","source":["#Q5-2(Not Numbered in EC)"],"metadata":{"id":"J3PQHv667GMR"}},{"cell_type":"code","source":["def solve(A,y,question):\n","  e = Exception\n","  try:\n","    result = np.linalg.solve(A,y)\n","  except Exception as e:\n","    print (\"error\", e)\n","    result = \"that it doesn't have a unique solution.\"\n","  print (\"the answer to question\", question, \"is\", result)\n","#problem 1\n","A = np.array([[2,3],[4,-5]])\n","y = np.array([[8],[6]])\n","solve(A,y,1)\n","#problem 2\n","A = np.array([[3,-1],[2,2]])\n","y = np.array([[5],[6]])\n","solve(A,y,2)\n","#problem 3\n","A = np.array([[1,2,-3], [2,-1,1], [3,3,-2]])\n","y = np.array([[1],[3],[2]])\n","solve(A,y,3)"],"metadata":{"colab":{"base_uri":"https://localhost:8080/"},"id":"9Qmgu5Di6pSj","executionInfo":{"status":"ok","timestamp":1738104831391,"user_tz":300,"elapsed":8,"user":{"displayName":"Rishabh Saxena","userId":"01657484899872312362"}},"outputId":"4d686523-32b4-46d0-ccc1-ac0ff8178795"},"execution_count":5,"outputs":[{"output_type":"stream","name":"stdout","text":["the answer to question 1 is [[2.63636364]\n"," [0.90909091]]\n","the answer to question 2 is [[2.]\n"," [1.]]\n","the answer to question 3 is [[ 1.28571429]\n"," [-1.        ]\n"," [-0.57142857]]\n"]}]},{"cell_type":"code","source":["A2 = np.array([[2,3],[4,-5]])\n","A2inv=np.linalg.inv(A2)\n","print(A2inv.dot(np.array([[8],[6]])))"],"metadata":{"colab":{"base_uri":"https://localhost:8080/"},"id":"Ta-jnCeMHdzG","executionInfo":{"status":"ok","timestamp":1738104890930,"user_tz":300,"elapsed":84,"user":{"displayName":"Rishabh Saxena","userId":"01657484899872312362"}},"outputId":"0096c887-098e-46c3-80b2-3d4e7c84de72"},"execution_count":8,"outputs":[{"output_type":"stream","name":"stdout","text":["[[2.63636364]\n"," [0.90909091]]\n"]}]}]}